1
-1 -1 -1 -1 
-1 -1 -1 -1 
-1 -1 -1 -1 
1
3 3 3 3 
3 3 3 3 
3 3 3 3 
1
-5 -5 -5 -5 
-5 -5 -5 -5 
-5 -5 -5 -5 
1
11 11 11 11 
11 11 11 11 
11 11 11 11 
1
-21 -21 -21 -21 
-21 -21 -21 -21 
-21 -21 -21 -21 
1
43 43 43 43 
43 43 43 43 
43 43 43 43 
2
-85 -85 -85 -85 
-85 -85 -85 -85 
-85 -85 -85 -85 
2
171 171 171 171 
171 171 171 171 
171 171 171 171 
2
-341 -341 -341 -341 
-341 -341 -341 -341 
-341 -341 -341 -341 
2
683 683 683 683 
683 683 683 683 
683 683 683 683 
2
-1365 -1365 -1365 -1365 
-1365 -1365 -1365 -1365 
-1365 -1365 -1365 -1365 
2
2731 2731 2731 2731 
2731 2731 2731 2731 
2731 2731 2731 2731 
